467	2
466	2
464	3
463	5
462	6
462	7
460	8
459	8
459	9
458	9
458	10
458	10
457	10
457	10
455	10
454	10
453	10
453	10
451	10
451	10
450	10
450	9
449	8
448	8
447	8
447	8
446	8
441	7
441	6
440	6
438	4
437	4
436	3
436	3
435	3
435	3
434	3
433	3
433	3
432	3
431	3
430	3
430	3
429	3
428	3
427	3
426	3
426	3
424	3
423	3
423	3
422	3
421	3
420	3
419	3
418	3
417	3
416	3
415	3
415	3
414	3
412	3
411	3
410	3
409	3
408	3
407	3
406	3
406	3
405	4
404	4
403	4
402	5
400	5
399	6
398	6
398	6
398	5
396	5
395	6
394	6
393	6
392	6
391	6
390	6
390	6
387	7
386	7
385	7
382	7
381	8
380	9
379	10
377	11
377	11
376	11
375	12
374	12
373	13
372	14
371	15
370	16
369	17
368	18
366	19
364	20
363	21
360	22
359	23
358	24
357	24
356	24
355	25
354	25
351	26
350	26
348	27
347	28
346	28
345	28
344	29
343	29
342	29
340	29
338	29
336	30
335	31
334	31
332	32
331	33
328	33
330	35
330	35
329	35
328	35
326	35
325	35
324	35
323	35
322	35
321	35
320	36
318	37
317	38
316	38
315	39
313	40
312	40
311	40
310	40
308	41
307	42
306	43
306	43
306	44
305	45
305	46
304	46
303	46
302	47
300	47
299	47
298	47
297	48
295	48
294	48
293	48
291	48
290	48
289	48
289	48
286	49
285	49
284	49
282	49
280	50
280	51
277	51
276	51
275	51
272	52
270	52
269	53
268	54
267	54
265	55
263	55
262	55
261	55
260	55
258	55
257	55
256	55
255	55
254	55
254	55
253	55
250	56
249	56
247	56
244	56
243	56
242	56
240	56
239	56
238	56
238	56
237	56
236	56
236	56
234	56
233	56
232	56
232	56
231	56
230	55
229	55
228	55
227	54
226	54
225	53
224	53
223	52
221	50
221	49
220	49
220	48
220	47
219	46
219	45
218	44
218	43
218	42
217	41
216	40
215	39
215	39
215	38
215	38
215	37
215	36
215	35
215	34
214	33
214	31
214	30
214	30
214	29
214	27
214	26
217	28
217	27
217	26
218	25
219	22
220	21
221	20
222	20
223	20
224	20
225	20
226	20
228	20
230	18
231	17
233	17
234	16
234	16
235	15
235	15
236	14
237	14
238	14
239	14
240	14
241	14
241	14
242	14
244	14
245	14
245	14
246	14
247	14
248	14
248	14
249	14
251	14
252	14
252	14
253	14
254	14
254	14
255	14
257	15
259	16
260	17
261	18
262	19
263	19
265	20
266	21
266	22
266	23
266	24
267	25
267	26
267	27
267	28
267	28
267	30
267	31
267	31
267	32
267	34
267	35
267	36
267	36
267	37
267	38
267	38
267	39
267	41
267	42
267	43
267	44
267	46
267	47
267	47
266	48
265	49
265	49
264	50
263	51
262	51
261	51
260	52
258	53
258	54
257	55
256	55
255	56
253	57
252	57
251	58
250	58
250	58
249	59
248	60
247	61
246	62
244	64
243	64
241	65
240	66
246	62
245	62
243	62
242	62
241	63
240	64
238	65
237	65
236	65
236	66
234	66
232	67
231	68
230	69
229	69
228	69
227	69
224	70
223	70
222	70
220	70
219	71
218	71
216	72
215	73
213	74
212	74
211	75
210	75
210	75
209	75
208	75
206	75
205	76
210	76
210	76
210	76
209	76
208	76
207	76
207	76
206	76
205	76
205	76
204	77
203	78
202	79
200	81
199	81
199	81
197	81
196	81
195	82
194	82
192	83
191	83
190	83
188	85
186	85
185	85
183	86
182	86
181	86
181	86
179	87
178	87
177	87
176	87
175	87
173	87
172	87
172	87
171	87
170	88
169	88
168	88
167	88
166	88
164	88
163	88
162	88
161	88
159	88
160	90
159	90
159	91
157	91
156	91
155	91
154	91
153	91
152	91
152	91
151	90
150	89
149	89
148	90
147	91
146	92
142	93
142	93
142	94
140	94
138	95
137	95
135	95
134	95
133	95
132	95
132	95
131	95
130	96
129	96
127	96
126	96
125	97
124	97
122	97
120	99
119	100
116	101
115	101
113	102
112	102
111	102
111	103
111	103
109	106
107	108
106	108
105	109
104	109
102	110
100	111
99	111
98	111
97	111
96	112
95	113
94	114
93	114
92	114
91	115
89	115
88	116
88	116
86	118
85	118
84	118
82	118
79	119
78	119
77	119
76	120
75	120
72	122
72	122
68	123
67	124
66	124
64	126
63	126
62	127
60	128
58	129
56	131
55	132
54	133
53	134
52	135
51	136
51	137
50	138
49	139
49	139
49	140
48	143
47	144
46	145
45	146
44	147
43	148
42	149
41	150
41	151
41	152
41	153
40	154
39	155
38	155
38	156
38	157
38	157
37	160
35	162
35	163
35	164
34	165
33	164
32	165
31	166
30	167
30	168
29	169
29	170
28	171
28	171
27	174
27	175
27	176
26	178
26	178
24	180
24	181
24	182
24	182
24	184
23	186
23	187
23	189
23	189
23	191
23	193
23	194
23	195
23	195
23	197
23	198
22	198
22	199
22	200
22	201
22	202
22	203
22	206
22	207
22	208
22	210
22	211
22	212
22	213
22	214
22	214
25	217
25	218
25	219
25	220
25	223
25	224
25	225
25	226
25	228
25	229
25	230
25	230
26	232
26	233
26	234
26	234
26	236
26	237
27	238
28	239
28	241
28	242
28	242
28	243
29	244
29	245
29	246
29	247
29	248
29	250
29	251
29	252
29	253
29	255
29	256
29	257
29	258
29	259
30	261
30	262
30	264
30	265
31	266
32	267
33	268
33	269
34	269
34	270
35	271
35	273
37	275
38	276
38	278
38	279
39	281
40	282
40	283
40	284
41	285
42	285
42	286
43	288
43	288
44	289
45	290
46	291
46	292
46	293
46	297
46	298
47	299
47	301
47	302
48	303
49	304
50	306
50	307
50	308
50	309
50	311
51	312
52	313
53	314
53	314
54	314
55	315
55	316
56	317
57	318
57	319
58	320
58	321
58	322
58	323
58	324
59	326
60	327
62	328
63	329
64	330
65	331
65	331
66	332
66	332
67	332
67	332
68	333
70	334
71	335
72	336
72	337
73	338
74	339
75	341
76	342
77	343
78	344
79	344
79	344
80	345
81	345
82	345
83	346
84	347
85	348
86	348
87	348
88	349
88	349
89	350
91	351
92	352
92	353
93	354
94	354
95	354
96	354
97	356
98	357
99	357
100	358
101	359
101	359
102	360
103	361
104	362
105	363
106	364
106	365
106	366
107	367
107	368
107	370
109	370
110	372
110	373
112	374
113	375
113	376
114	377
115	378
116	379
117	380
118	381
119	382
119	382
120	383
121	384
122	385
122	385
123	386
124	387
125	388
125	389
126	390
127	391
127	391
127	392
127	393
128	395
128	395
129	396
130	396
130	397
131	398
131	399
132	399
133	399
133	400
134	400
135	401
135	402
135	403
136	404
137	405
137	406
137	407
137	408
138	411
138	412
138	412
139	414
139	415
139	416
140	417
141	417
141	418
142	419
142	420
143	421
143	423
143	424
143	424
143	426
143	427
143	428
143	428
143	430
143	431
143	431
143	432
143	434
143	436
141	438
141	439
141	440
141	440
141	441
141	443
141	444
140	444
139	445
139	447
138	448
137	448
136	449
136	450
135	451
134	452
132	454
131	455
131	455
131	455
130	455
129	455
128	455
127	455
125	455
124	455
124	455
123	454
122	454
121	454
120	453
120	453
119	452
118	452
117	451
116	450
115	450
114	449
114	448
113	447
112	447
112	447
112	446
112	445
112	444
110	442
110	441
110	440
110	439
109	438
108	437
107	436
107	435
107	434
107	432
107	431
106	430
105	429
105	428
105	428
105	427
105	426
105	425
104	424
104	423
104	423
104	421
104	420
104	419
104	418
104	416
104	415
104	414
104	412
104	411
104	410
104	409
104	407
104	406
104	405
104	405
104	404
104	403
104	402
104	401
104	399
104	398
104	397
104	396
104	395
104	394
104	393
104	393
104	392
104	391
104	390
105	389
105	389
105	387
106	386
106	385
106	384
106	382
107	381
107	380
107	380
108	379
108	378
108	377
108	376
108	375
109	374
110	373
110	372
110	371
110	370
111	368
111	367
111	366
112	365
112	363
112	362
113	361
113	360
113	359
109	362
109	362
109	361
109	360
109	359
109	358
110	357
110	356
110	356
111	354
111	353
111	352
111	351
112	349
112	348
112	347
112	346
112	345
113	344
113	343
113	342
113	341
113	341
113	339
113	338
114	338
115	337
115	335
115	334
116	332
116	330
116	329
117	327
118	324
118	323
118	323
118	322
118	321
119	319
120	318
120	317
120	316
121	315
121	314
121	313
122	312
122	310
123	309
124	308
124	307
124	306
125	305
125	303
126	302
126	301
127	300
127	299
127	298
128	297
129	296
130	295
130	294
131	293
131	292
132	291
133	288
134	287
134	287
135	286
136	284
136	283
138	281
139	279
140	277
140	276
141	276
141	275
141	274
141	273
141	271
142	269
143	268
144	267
144	266
144	265
144	264
144	264
145	261
146	260
147	259
148	256
149	255
149	255
150	254
150	253
152	251
153	249
153	248
153	248
153	247
154	246
155	243
155	242
155	241
156	240
156	239
157	239
157	238
158	237
158	235
158	234
159	233
160	231
162	230
162	229
163	228
163	227
164	226
164	225
166	223
167	222
167	221
167	220
167	219
168	218
170	216
170	215
170	214
171	212
172	212
172	211
173	210
174	208
175	208
176	207
177	205
178	204
179	203
181	201
182	199
183	198
185	196
185	195
186	194
187	191
188	190
189	189
189	188
190	187
190	186
191	185
192	184
192	183
193	182
194	181
195	180
196	178
197	177
198	175
199	175
200	173
201	173
201	172
202	171
203	171
204	170
205	169
205	168
206	167
207	166
208	165
208	164
208	163
209	162
209	160
211	158
212	156
213	155
214	155
215	154
217	152
218	150
219	149
219	148
220	147
221	146
222	145
222	144
222	143
223	143
224	142
229	143
229	142
229	141
230	138
231	137
232	136
233	134
234	132
235	131
236	130
236	129
237	127
238	126
240	124
241	123
242	122
243	121
245	119
246	118
246	118
247	117
248	116
250	114
251	114
252	113
253	112
254	112
255	111
256	110
257	109
259	108
260	108
261	108
262	107
264	105
265	104
267	103
268	102
269	102
272	101
273	100
274	99
276	98
277	98
278	97
280	96
281	95
282	94
283	94
284	93
285	92
285	92
286	92
287	92
288	91
289	90
290	90
290	90
291	89
292	89
294	89
295	88
297	88
298	87
299	85
300	85
301	84
302	84
304	83
306	82
307	81
308	80
308	80
309	80
310	80
311	80
312	79
313	79
314	79
315	78
316	78
319	77
320	76
321	76
322	75
323	75
324	75
325	75
327	74
328	74
330	73
332	72
333	71
334	70
335	70
335	70
336	70
337	70
338	69
339	69
339	68
339	68
340	67
342	66
343	66
344	65
345	65
346	64
347	63
349	62
349	61
351	61
352	61
352	61
353	60
355	60
356	59
357	58
359	57
360	57
362	56
363	56
364	56
365	56
365	55
366	54
366	54
367	52
367	51
367	51
367	50
367	50
367	49
367	48
367	47
367	46
367	45
368	43
368	42
368	41
368	40
369	38
369	37
369	37
369	36
369	36
369	36
368	36
367	36
366	37
365	38
364	38
363	39
363	39
362	39
360	40
358	41
357	42
356	42
356	43
356	44
356	44
354	46
354	47
353	48
353	49
353	50
353	50
352	51
352	53
352	54
352	55
350	56
349	57
349	58
349	58
349	59
349	59
350	60
350	60
350	61
350	62
350	63
350	65
350	66
350	67
350	67
350	69
350	70
350	70
350	71
350	73
350	74
350	75
350	75
350	77
350	78
350	79
350	80
350	81
350	82
349	83
349	84
349	86
349	87
349	88
349	89
349	93
349	94
349	96
349	97
349	98
348	99
348	101
348	102
348	103
347	103
347	105
347	106
347	107
346	109
346	110
345	111
344	112
343	113
343	113
343	114
343	115
343	116
343	117
342	118
342	119
342	119
341	122
341	123
340	125
340	125
342	127
342	128
342	129
342	131
340	133
340	134
340	135
340	136
340	137
340	137
340	139
340	140
339	141
339	142
339	144
339	145
339	146
338	147
338	149
338	150
337	151
336	151
335	152
335	153
334	156
333	158
333	159
332	160
332	161
332	163
331	164
330	165
329	165
327	167
326	168
325	169
324	171
322	173
321	174
321	176
320	176
319	177
319	178
318	178
316	179
315	181
314	182
313	183
312	184
311	185
311	186
310	188
309	188
308	188
308	188
307	188
306	188
306	188
305	189
304	190
303	190
302	190
301	191
301	191
299	191
298	191
297	192
296	192
294	192
293	192
292	192
292	192
290	192
289	192
289	192
288	192
288	192
287	191
285	190
284	189
282	188
282	187
282	187
281	187
281	186
279	186
279	186
278	184
277	183
277	182
277	180
276	179
276	178
276	178
276	177
276	176
276	175
276	173
276	173
275	171
275	170
275	170
274	169
274	168
274	167
274	166
274	165
274	164
273	163
273	162
273	160
273	159
273	158
273	157
273	156
273	156
273	155
273	153
273	152
274	151
275	150
276	149
277	147
277	145
278	145
280	142
281	142
282	141
283	140
283	140
285	140
286	139
286	138
287	137
288	136
289	136
290	136
291	136
292	135
293	134
293	133
294	131
294	131
295	131
296	131
296	131
297	131
298	131
299	131
300	130
302	128
303	127
304	126
306	126
307	126
307	126
308	126
309	126
310	126
311	126
312	126
313	125
315	124
316	123
318	122
320	121
321	121
323	119
324	119
325	118
326	118
327	117
329	118
331	118
332	118
332	118
333	118
334	117
335	117
336	116
337	116
337	116
338	115
339	114
340	114
341	113
342	112
343	111
345	109
346	108
347	106
347	105
348	104
349	103
349	107
350	107
352	107
353	106
354	105
355	104
356	103
357	102
358	101
358	101
359	100
361	100
362	99
363	98
365	97
366	97
369	95
370	94
371	94
372	93
373	92
373	91
374	90
375	89
377	89
378	88
379	86
379	86
380	85
381	84
382	84
383	83
384	82
384	81
385	80
386	80
387	79
389	77
390	76
391	76
393	75
394	75
394	74
395	73
396	73
397	72
397	72
398	71
398	70
399	70
400	69
401	68
401	67
402	67
403	66
403	66
404	65
405	63
406	62
407	61
408	61
408	60
410	59
411	59
411	58
411	57
412	56
414	54
414	52
415	51
416	50
416	49
417	49
418	48
423	50
423	50
424	49
425	47
426	46
426	45
427	44
428	44
428	43
428	42
428	41
428	40
428	39
428	38
428	36
429	35
429	35
429	34
428	33
428	33
427	32
426	31
426	30
426	29
425	29
425	29
424	29
424	28
423	28
422	28
421	27
420	26
419	26
419	26
418	25
418	25
417	25
417	25
416	25
415	25
415	25
412	23
411	23
410	23
409	24
409	25
409	26
408	27
407	28
406	29
406	30
406	31
405	33
405	34
405	35
405	36
405	37
405	38
405	39
405	40
405	42
405	43
405	44
405	44
405	45
405	46
405	47
405	48
405	50
405	51
405	51
405	52
405	54
405	55
405	56
405	56
405	58
405	59
405	60
407	62
407	63
407	63
407	64
408	65
408	66
408	66
409	67
411	69
411	70
412	71
412	71
412	72
413	74
413	75
414	76
415	77
416	78
416	79
417	80
417	81
417	83
418	84
419	85
420	86
420	87
421	88
421	89
422	90
423	92
424	92
425	97
426	97
427	98
428	99
429	100
430	101
430	103
430	105
430	106
431	107
431	108
431	108
431	109
431	110
431	112
431	113
431	114
432	115
433	116
433	117
433	117
434	118
434	119
434	121
435	122
435	123
435	124
435	126
435	126
435	127
435	128
436	129
436	130
436	131
436	132
436	132
436	133
436	134
436	135
436	136
437	136
438	137
438	138
438	139
438	140
439	142
439	143
439	145
440	146
440	147
440	148
440	148
440	150
440	151
440	152
440	153
440	155
440	156
440	157
440	158
440	160
440	161
440	162
440	162
440	164
441	165
442	166
442	167
442	168
442	169
442	170
442	171
442	172
442	173
442	174
442	175
442	177
442	177
441	179
441	179
439	179
439	179
438	180
437	181
436	181
435	181
434	182
433	182
432	182
431	182
431	182
430	182
428	182
428	182
427	181
426	180
424	180
424	180
423	180
422	179
419	178
419	177
419	177
419	176
419	174
419	173
420	173
421	171
421	170
421	170
422	168
423	165
426	160
427	159
427	157
427	157
428	156
429	155
430	153
431	152
431	151
431	150
432	149
432	148
432	147
433	146
434	145
435	144
436	143
437	142
438	142
439	141
440	140
441	139
442	138
443	137
444	136
445	135
446	134
447	133
447	132
448	131
448	130
449	129
450	128
451	127
451	127
451	126
452	124
454	122
454	121
454	121
455	120
455	119
456	117
457	116
457	116
459	114
460	113
460	112
460	111
460	109
461	108
460	108
460	108
460	107
461	106
461	104
461	103
461	102
462	100
462	99
463	98
463	97
463	96
464	95
465	94
465	93
465	92
465	91
465	90
466	90
467	89
467	89
467	88
467	87
468	86
469	85
470	84
470	83
470	82
470	81
470	80
470	78
471	77
471	77
471	76
472	73
472	73
472	72
472	71
472	70
472	69
472	69
472	66
473	65
473	64
473	63
473	63
473	62
473	61
474	61
474	60
474	59
474	58
473	57
473	56
473	55
474	54
474	53
474	52
474	51
474	50
474	48
474	47
474	47
474	46
474	45
474	44
474	43
474	43
474	42
473	41
473	40
473	39
471	37
471	37
470	36
470	35
469	35
467	34
466	33
465	33
465	33
464	33
463	33
461	33
460	33
460	33
457	35
457	36
457	38
457	40
457	42
457	43
457	44
457	45
457	47
457	48
457	50
457	52
457	53
457	54
457	54
457	56
457	57
457	58
458	59
460	59
460	60
461	62
461	63
461	64
462	65
463	66
463	66
464	67
464	68
465	68
466	69
466	70
466	71
467	72
468	74
468	75
468	76
468	77
469	78
470	79
470	80
471	82
471	83
471	85
471	86
472	87
472	88
473	89
476	93
476	94
476	96
476	98
476	99
476	100
477	101
477	101
477	102
478	103
479	105
479	107
480	108
480	109
480	110
481	111
483	113
483	114
483	114
484	117
484	118
485	119
485	120
485	121
485	122
485	123
487	125
487	126
487	127
487	128
488	129
488	130
488	130
488	131
488	132
488	134
489	135
489	136
489	138
490	140
490	141
490	143
491	145
493	147
493	148
494	149
494	150
494	150
494	152
494	153
495	155
495	157
495	157
495	158
496	159
497	160
497	161
497	162
497	163
497	164
497	166
497	168
497	169
497	171
498	173
498	174
498	175
498	176
498	177
498	178
498	180
499	181
499	182
499	183
499	184
499	185
499	186
499	187
499	189
499	190
499	191
499	192
499	194
499	195
499	196
499	196
499	198
499	199
499	200
499	201
499	203
499	203
499	204
499	205
499	207
499	208
499	209
499	209
499	211
499	212
499	213
499	213
499	215
499	215
499	216
499	217
499	219
499	223
499	223
499	224
499	225
499	227
498	228
498	229
497	231
497	232
496	234
496	235
496	236
495	238
496	240
496	240
496	242
496	243
495	245
495	247
495	248
494	249
494	249
494	251
493	252
493	252
491	254
491	256
490	256
490	257
489	258
489	260
487	262
486	263
486	266
486	267
485	268
485	270
485	271
483	273
482	274
481	275
480	276
480	277
479	278
478	279
476	281
476	282
475	283
474	284
474	284
473	285
473	286
472	287
472	288
472	289
471	290
470	291
470	291
468	293
467	294
467	295
467	296
466	299
466	299
464	301
463	302
462	303
462	303
462	304
462	305
461	307
460	308
460	309
459	310
458	310
458	311
457	310
456	311
456	311
456	312
455	313
454	313
453	315
452	316
450	316
450	317
450	318
449	318
448	319
446	321
446	322
446	323
445	323
444	324
443	325
442	327
441	328
441	328
440	329
439	330
437	331
437	332
436	333
435	334
434	334
434	335
433	336
431	338
430	339
429	339
428	340
428	341
427	342
426	343
425	344
424	346
423	346
422	347
422	347
421	348
420	349
419	350
418	351
418	352
417	352
414	352
413	352
413	352
412	353
411	354
410	355
410	356
409	357
408	358
407	360
407	361
406	362
405	363
404	364
404	364
404	365
403	366
402	367
401	368
400	368
399	370
398	370
398	371
397	372
395	374
395	374
394	375
392	376
391	378
390	379
390	380
389	381
388	381
387	382
386	383
386	384
385	385
383	386
383	387
383	388
382	389
380	390
380	390
379	391
378	392
378	392
377	393
376	393
376	394
375	394
375	395
374	396
373	397
372	398
371	398
371	399
370	399
369	400
368	401
367	402
367	402
366	403
365	403
364	404
364	405
363	405
362	406
361	406
360	407
359	408
359	409
358	409
357	409
357	409
356	409
355	410
354	410
354	410
353	411
352	412
352	412
351	412
350	413
349	413
348	413
348	413
347	413
344	414
343	415
343	415
341	415
340	416
339	416
339	416
337	417
337	417
336	417
336	417
333	418
333	419
332	420
331	421
329	422
328	422
328	422
326	422
325	422
325	422
324	422
323	422
322	422
321	422
320	422
318	422
317	423
316	424
315	424
313	424
312	424
312	424
311	424
310	424
309	424
309	424
308	424
307	424
306	424
305	424
305	424
303	423
302	423
302	423
301	423
301	423
300	422
299	422
298	422
298	422
297	421
295	421
295	420
294	420
293	419
290	418
289	417
288	416
288	416
287	415
286	415
285	414
285	413
284	413
284	412
283	412
282	411
282	411
281	410
280	409
280	409
279	409
278	408
277	407
276	407
275	406
274	405
272	404
272	404
271	404
270	404
269	404
268	404
267	404
266	403
266	402
265	401
265	401
269	400
269	399
268	399
268	398
267	398
267	398
266	397
265	396
265	396
264	396
264	395
263	395
261	394
261	393
261	392
260	392
258	391
257	391
256	389
255	388
255	387
254	386
254	386
253	385
253	384
252	383
251	382
251	381
251	381
251	380
250	379
250	378
249	377
249	376
248	375
247	374
247	373
247	373
247	372
247	371
246	370
246	370
246	369
246	368
246	367
246	366
246	365
246	365
246	363
245	362
245	361
245	359
245	359
245	358
245	357
245	356
245	355
245	354
245	354
245	352
245	351
248	347
248	346
248	345
249	343
250	342
251	341
251	340
252	339
252	338
253	337
253	336
255	334
256	333
256	331
257	330
258	330
259	328
260	327
261	326
262	325
263	324
264	322
265	322
265	321
266	320
268	318
269	318
270	318
271	317
272	317
273	317
274	317
276	316
278	315
280	313
281	312
282	312
283	310
284	310
285	309
286	308
287	308
288	308
289	307
291	305
292	305
293	304
294	304
296	304
297	303
298	303
299	303
301	302
303	301
304	300
305	299
306	299
307	299
308	298
309	298
311	298
312	298
312	298
314	296
315	296
317	295
318	294
320	294
321	294
323	293
325	293
327	291
328	291
329	291
331	291
332	291
334	290
335	290
336	289
336	288
338	288
339	288
340	288
342	287
343	286
344	286
345	285
346	285
348	285
350	284
354	281
356	281
356	281
357	281
359	280
360	280
361	280
362	280
363	279
364	278
365	278
365	278
366	277
367	277
369	276
370	276
371	276
372	276
374	276
375	276
377	275
379	275
381	273
382	273
384	272
385	272
386	272
387	272
389	271
389	271
390	271
393	270
394	269
395	268
396	267
396	267
396	266
396	265
396	264
396	263
396	261
396	260
397	258
398	257
398	256
398	256
398	255
398	255
397	254
397	253
396	252
396	252
395	251
395	249
395	248
395	247
395	246
394	246
393	246
393	245
392	244
387	244
387	244
386	244
385	244
384	244
382	244
381	244
380	244
379	244
378	244
377	245
376	245
376	245
375	246
374	247
372	247
371	248
370	248
368	249
367	249
365	251
364	251
363	251
361	252
360	253
359	253
359	254
358	255
357	257
357	257
356	259
355	260
355	261
355	262
355	263
354	264
353	265
353	266
352	267
352	267
352	268
352	270
352	271
352	271
352	272
352	273
352	273
352	274
352	275
352	277
352	277
352	278
352	279
352	281
352	282
352	282
352	283
352	284
352	285
352	286
352	287
352	289
352	290
353	292
354	293
354	294
354	295
355	297
355	298
354	297
355	298
356	299
356	300
357	302
357	303
357	303
357	304
357	305
357	305
357	306
357	306
357	307
357	308
357	309
357	310
359	312
359	312
359	313
359	314
360	315
360	317
360	318
361	319
361	320
361	322
361	322
362	323
362	324
362	326
363	327
364	328
364	329
364	330
364	331
364	332
365	333
365	335
365	335
365	336
365	336
365	338
366	339
366	340
366	341
366	343
366	343
366	344
366	345
366	347
366	348
366	348
366	349
366	350
366	351
366	352
366	352
366	353
366	354
366	355
366	355
366	356
366	357
366	357
366	358
366	359
366	360
366	360
366	361
366	362
366	363
366	364
366	365
366	366
366	367
366	368
366	369
365	370
364	370
364	371
364	372
363	374
363	374
363	375
363	376
364	379
364	380
364	380
364	381
363	382
363	382
363	383
363	383
363	384
362	385
362	385
362	387
361	389
360	389
360	390
360	390
359	391
358	392
357	394
355	396
355	397
354	397
353	398
353	399
352	400
351	400
351	401
350	402
349	403
349	404
348	404
347	404
346	404
344	406
342	407
341	407
340	408
339	408
338	408
337	408
337	409
336	409
335	409
334	409
333	409
333	409
331	409
330	409
330	409
329	409
327	409
326	409
325	409
324	409
322	409
321	409
320	409
319	409
317	409
316	409
315	409
314	409
312	409
311	409
310	409
309	409
307	409
306	409
305	409
304	409
303	409
301	406
300	405
299	404
297	404
296	403
296	403
295	403
294	402
294	401
293	401
293	400
292	400
291	399
291	398
290	397
289	396
288	395
288	394
287	394
287	393
286	392
285	391
284	390
284	390
284	389
283	388
283	387
283	386
282	384
281	384
281	383
280	382
280	382
280	381
280	380
280	380
280	379
280	378
280	376
280	375
280	374
279	373
279	372
279	371
279	370
279	369
279	367
279	366
277	364
276	363
276	362
276	361
275	360
276	359
277	358
277	358
278	357
279	355
280	354
281	353
282	352
282	351
283	349
283	348
285	346
286	345
287	343
287	342
288	341
288	340
290	338
290	337
291	336
292	334
292	333
293	332
294	331
295	330
295	329
296	329
297	329
299	328
301	327
301	327
302	327
303	327
305	327
306	327
307	326
309	326
309	326
310	326
311	326
313	326
314	326
315	326
316	326
317	326
317	326
318	326
319	326
320	326
321	326
321	326
322	326
324	326
325	326
326	327
327	327
328	327
329	327
329	327
330	327
331	327
332	327
332	327
333	327
334	327
335	327
335	328
337	329
339	329
340	329
341	330
342	330
342	330
343	331
344	331
345	331
345	332
346	332
347	333
347	334
347	335
347	335
348	336
348	337
349	338
350	339
351	340
352	340
352	341
353	342
354	343
354	343
354	344
354	345
355	345
355	346
356	347
356	348
356	348
356	349
357	350
357	350
357	351
358	352
358	353
358	354
359	355
357	355
357	355
357	356
357	357
357	358
357	359
357	360
357	360
357	361
356	363
355	364
354	364
354	365
353	366
353	366
352	367
351	368
351	369
350	369
349	369
348	370
347	371
346	372
345	372
343	373
342	373
341	373
341	373
340	373
340	373
339	373
338	373
338	373
337	373
337	373
336	373
335	373
334	373
332	373
331	373
330	373
329	372
328	371
328	371
328	370
328	369
328	368
328	368
328	367
328	366
328	365
328	365
328	364
328	363
328	362
328	362
328	361
328	361
329	360
329	359
330	358
330	358
330	357
330	356
331	356
332	354
334	352
334	351
335	351
335	351
336	351
336	351
337	351
338	351
338	351
339	351
340	351
341	351
342	351
342	351
343	351
343	351
344	351
345	351
346	351
347	351
349	351
350	351
351	351
352	351
353	351
354	351
355	351
355	352
356	353
357	354
358	355
359	355
360	357
360	358
361	358
361	360
361	361
361	362
361	363
361	364
361	365
361	365
361	367
361	368
361	369
361	370
361	372
361	373
361	374
360	375
360	377
360	378
360	378
360	379
360	380
360	380
360	381
360	382
360	384
360	384
360	385
360	386
360	387
360	387
360	388
360	388
360	390
361	391
362	391
362	392
362	394
362	394
362	395
362	395
361	396
361	395
361	397
360	398
360	399
360	399
360	401
360	402
359	402
359	403
359	404
358	406
357	407
356	410
356	411
356	411
356	412
355	414
355	415
355	415
354	416
353	416
352	417
352	418
352	419
352	421
352	422
352	422
352	423
352	424
352	424
352	425
352	426
352	428
352	429
351	429
351	430
350	431
350	432
350	433
350	434
350	436
350	437
349	438
348	439
347	441
347	441
347	442
347	442
347	444
347	444
347	445
346	447
346	448
346	449
346	450
344	452
343	453
343	454
343	454
343	455
343	456
342	457
342	458
342	459
341	461
340	462
340	463
339	464
338	465
338	466
337	467
337	468
337	470
335	472
334	473
334	474
334	475
334	475
334	476
334	478
333	479
332	481
332	482
332	483
332	484
331	485
330	486
330	487
330	487
329	488
329	489
328	490
328	491
328	492
331	492
331	492
331	493
331	493
331	495
331	496
330	497
330	498
330	499
329	500
328	501
328	502
328	502
328	503
328	504
327	505
327	506
327	507
327	508
327	508
327	510
327	510
327	511
327	512
327	513
327	514
326	516
326	518
325	519
325	520
325	521
325	522
325	523
325	523
325	524
325	525
325	526
324	527
324	528
324	528
324	529
324	529
324	530
324	531
324	531
324	532
324	532
324	534
324	535
324	535
324	536
324	537
324	538
324	539
324	539
324	541
324	542
324	543
323	545
323	545
324	546
324	546
324	547
325	548
325	549
325	550
325	550
326	550
327	551
327	551
328	551
329	551
330	551
330	551
331	551
332	551
332	551
333	551
334	549
335	548
336	548
336	548
337	547
338	547
338	546
339	546
339	545
339	543
339	543
339	542
339	541
339	539
339	538
339	538
339	537
339	536
339	535
339	535
339	534
339	533
339	532
339	531
339	531
339	530
339	529
339	528
339	528
339	526
339	525
339	525
339	524
339	523
339	523
338	522
338	521
337	521
337	520
337	519
337	518
337	518
337	517
337	516
337	515
337	515
337	514
336	513
336	512
335	511
335	511
335	510
334	509
333	508
333	508
332	507
332	506
332	505
331	504
330	503
327	500
327	499
326	497
325	497
324	496
323	495
322	494
322	494
321	493
321	493
320	492
319	491
318	490
317	489
316	488
315	487
314	487
314	487
312	485
311	484
310	483
309	482
308	481
306	480
305	479
305	479
303	477
302	476
301	475
299	474
299	474
299	473
298	472
297	471
296	470
296	469
296	468
295	468
294	467
293	466
293	465
292	464
291	463
290	462
290	462
289	462
288	461
286	459
285	458
284	458
283	457
282	457
282	456
281	455
280	454
279	454
278	454
278	453
277	452
276	451
278	446
277	445
276	444
275	443
274	442
273	441
272	440
270	438
269	437
269	436
268	436
267	435
266	434
266	434
265	433
264	432
264	431
264	430
263	430
262	429
262	428
261	427
261	426
260	425
259	424
258	424
258	423
256	421
255	420
255	420
254	419
253	418
252	418
251	417
250	416
249	415
249	415
248	414
248	413
247	412
246	411
246	411
246	409
246	408
246	408
246	407
245	406
244	405
244	405
244	404
244	403
243	402
243	401
243	401
242	399
241	396
241	395
241	395
241	393
241	393
241	392
241	392
241	390
241	390
241	389
242	388
243	387
243	387
244	386
245	385
246	386
246	386
246	387
247	388
247	389
247	389
247	390
247	391
248	392
248	393
248	393
248	395
249	396
249	396
249	397
249	399
249	400
249	400
249	401
249	402
249	403
249	404
249	404
249	406
250	407
251	408
251	408
251	410
251	411
252	411
252	412
252	414
252	414
252	415
252	415
252	417
253	418
253	419
253	420
253	422
253	423
253	423
253	424
254	426
254	427
254	428
256	430
256	431
256	432
257	433
257	434
257	434
257	435
257	436
257	437
257	438
257	439
257	440
258	441
259	443
259	444
260	444
261	445
262	446
262	447
262	448
262	448
262	449
262	450
263	452
263	453
263	454
265	456
265	457
265	457
266	458
266	459
267	459
267	460
267	461
267	462
268	463
268	465
269	466
270	467
271	467
271	469
271	470
271	471
271	472
272	472
272	473
272	474
273	475
274	476
274	478
275	478
275	479
276	480
276	481
276	482
277	483
281	487
281	488
281	489
282	490
283	491
284	491
284	492
284	493
285	494
286	495
287	496
287	497
287	498
288	499
288	501
288	502
288	503
288	504
289	505
289	506
289	507
289	508
290	509
290	511
291	512
292	513
293	514
293	515
294	516
294	517
294	518
296	518
297	518
298	519
299	519
300	520
301	521
301	521
302	522
302	523
303	524
303	525
304	525
304	526
304	528
305	529
305	530
306	531
306	533
307	534
308	535
309	536
309	538
310	539
310	539
310	540
311	541
311	542
311	543
312	544
313	544
313	546
313	546
313	547
314	547
314	549
315	550
315	550
315	551
316	552
317	553
317	553
318	554
318	555
319	556
319	557
321	559
322	560
322	560
322	561
322	561
323	562
323	562
323	564
323	565
323	566
323	567
324	568
325	569
325	570
325	570
325	573
325	574
325	575
325	576
325	577
326	577
326	578
326	579
326	581
326	583
325	583
325	585
325	586
325	586
324	587
324	587
324	588
323	588
322	589
322	590
321	590
321	591
320	592
319	592
318	592
317	592
315	593
314	594
312	596
312	596
312	597
311	597
310	597
308	597
308	597
307	597
306	598
305	599
304	599
304	599
302	600
301	600
300	600
300	599
299	599
297	599
296	599
295	599
294	599
293	599
292	598
291	598
290	598
289	598
288	598
287	598
285	598
285	598
284	597
283	597
283	596
282	596
281	596
280	595
279	595
278	594
277	594
276	593
276	593
275	593
273	593
272	592
271	591
270	590
268	590
267	589
267	589
266	589
265	588
264	588
263	588
262	587
261	586
260	586
259	585
258	585
258	585
256	585
255	584
254	583
253	582
251	581
249	580
248	579
246	577
245	576
245	576
244	575
244	575
244	574
243	574
243	573
242	573
242	572
242	571
241	570
240	570
240	569
239	568
238	567
237	566
237	566
236	565
236	564
235	563
234	562
233	561
233	560
232	559
231	558
230	557
229	556
229	555
229	554
228	553
227	552
227	552
227	551
226	550
225	549
224	548
223	549
223	549
223	548
222	547
222	546
221	545
221	544
220	543
219	543
219	542
218	541
217	540
217	539
216	538
215	537
214	536
214	536
213	535
213	534
213	533
212	532
211	531
210	530
209	529
208	527
207	526
207	526
206	525
205	524
205	524
205	523
204	522
204	521
202	519
202	519
201	517
201	516
201	516
201	514
201	514
201	513
201	513
200	512
200	511
200	510
200	509
199	508
198	505
198	505
197	504
196	503
196	502
195	501
194	500
194	499
193	499
193	498
192	497
192	496
192	495
191	495
190	494
190	493
190	493
189	492
189	491
188	490
188	489
187	488
186	487
186	486
186	485
186	484
185	483
185	481
185	481
185	480
185	479
185	477
185	477
184	476
183	475
182	475
182	474
182	473
182	473
182	472
182	470
182	469
182	468
181	467
181	465
181	464
181	464
181	463
181	461
180	459
179	458
179	456
179	456
179	455
179	455
178	454
178	453
178	452
178	452
178	451
179	449
179	448
179	448
180	446
181	445
181	444
182	444
183	443
184	442
185	441
187	439
187	439
188	439
189	439
189	439
190	439
191	439
192	440
193	440
193	441
194	442
194	442
194	443
195	444
195	445
195	446
196	447
196	448
198	450
198	451
198	452
199	453
199	455
200	456
200	457
200	458
201	458
201	459
201	460
200	461
201	461
201	462
201	462
201	463
202	464
202	464
202	465
202	465
202	466
202	468
202	469
202	470
202	471
202	473
202	474
202	474
203	475
204	476
204	477
205	478
205	479
205	480
205	481
206	482
206	483
206	484
206	485
207	486
208	487
208	488
209	491
210	492
210	493
211	494
211	495
211	496
212	497
213	498
214	499
214	500
215	501
216	501
217	503
217	504
218	504
218	505
218	507
219	508
220	509
220	510
220	512
222	514
222	515
222	517
223	517
223	518
223	518
223	520
224	521
224	522
224	522
225	523
225	524
225	525
225	526
226	527
227	528
227	529
227	530
227	530
227	531
227	533
227	533
228	534
228	536
228	537
229	538
229	539
230	540
231	541
231	542
232	543
232	544
236	547
236	547
237	547
237	547
238	548
238	549
238	550
239	550
240	551
241	552
241	553
241	553
242	554
242	555
242	556
243	557
244	557
245	558
245	560
245	560
245	561
246	561
247	562
247	563
248	564
248	565
249	565
249	567
249	568
250	569
251	570
252	570
252	572
253	573
254	573
254	575
255	576
256	577
256	577
257	578
257	578
259	580
260	581
260	581
260	582
261	583
262	584
263	584
264	585
264	586
265	588
266	589
267	589
267	590
268	591
269	592
270	592
271	593
273	594
274	594
275	595
276	596
276	597
277	597
278	598
279	598
280	599
281	600
281	601
282	601
283	602
284	602
284	602
285	603
286	604
286	605
287	606
288	607
289	607
289	608
290	608
290	609
290	610
290	611
291	612
292	612
293	613
294	614
294	614
294	615
295	616
296	617
297	618
298	618
299	619
299	619
300	619
301	620
302	621
304	622
305	623
305	623
306	624
308	625
309	626
309	626
310	626
311	626
311	627
312	628
313	629
314	629
315	629
315	629
316	629
317	630
318	631
319	631
320	632
321	633
323	634
323	634
324	635
325	636
326	636
327	637
328	638
329	638
329	638
330	638
330	638
331	638
333	640
334	640
335	640
336	640
337	641
338	641
339	641
340	641
341	641
342	641
344	641
345	641
346	641
347	641
349	641
350	642
350	642
351	642
353	642
354	642
355	642
356	642
357	643
358	644
359	644
359	644
360	644
362	644
363	644
364	645
365	645
366	645
367	645
368	646
369	647
370	647
371	647
371	647
372	647
373	647
373	647
374	647
374	647
376	647
377	647
377	647
378	647
380	647
381	647
382	647
382	647
383	647
384	647
386	648
387	649
387	649
388	649
390	649
392	649
394	649
395	649
397	649
399	649
400	648
401	647
401	647
402	646
402	645
402	644
401	643
400	642
400	642
399	641
398	641
397	640
396	640
395	640
394	639
393	639
392	639
391	639
390	639
390	639
389	639
388	639
388	639
387	639
387	639
385	639
384	639
383	639
383	639
382	639
381	638
381	638
380	638
379	637
378	636
378	635
377	635
377	635
375	635
373	634
372	633
371	633
370	633
369	632
369	631
368	631
367	631
366	630
365	630
365	629
364	628
363	628
362	627
362	626
361	625
360	625
360	624
360	623
359	622
358	621
358	621
357	620
356	619
356	618
354	613
354	612
353	611
353	610
353	610
353	609
352	607
352	606
352	605
352	604
352	603
351	602
350	601
350	600
350	599
350	599
350	597
350	597
350	596
349	595
349	593
349	592
349	592
349	591
349	590
349	589
350	587
351	584
351	583
351	583
351	581
351	581
351	580
351	579
351	578
351	577
351	576
352	574
352	573
352	572
352	571
352	570
352	569
352	567
352	567
352	566
353	564
353	563
353	563
353	561
355	560
356	560
357	560
358	558
358	557
358	556
358	556
358	554
358	553
358	552
358	552
358	551
358	550
358	549
358	548
358	546
359	544
360	543
360	541
360	541
360	540
360	539
360	538
361	537
361	536
361	536
361	534
361	533
361	532
362	531
362	529
362	528
362	528
362	527
363	526
363	525
363	524
363	523
365	521
365	521
365	520
365	519
365	519
366	518
366	517
367	515
367	513
367	512
368	511
368	511
368	509
369	508
370	507
371	504
371	503
372	502
372	501
374	499
376	497
377	495
379	493
379	493
379	492
379	491
380	489
380	488
381	487
381	486
381	485
381	484
381	483
382	482
382	481
383	480
383	479
384	478
384	477
384	475
385	474
386	473
387	472
388	470
388	470
388	469
389	468
390	467
392	466
392	465
393	464
394	463
395	463
396	462
397	461
397	460
398	459
400	457
401	456
402	455
402	454
403	453
404	451
405	450
407	448
408	447
409	447
410	446
411	444
412	443
413	442
414	442
414	442
415	441
416	440
417	440
418	440
419	439
421	438
422	438
422	437
423	437
424	437
427	436
428	435
429	434
431	434
432	434
433	433
434	432
436	432
437	432
438	430
440	430
441	430
442	430
443	430
444	429
445	429
446	429
446	429
447	429
449	429
450	429
451	429
453	429
453	429
454	429
455	429
455	429
457	429
458	429
460	428
461	428
462	428
463	428
464	428
465	428
467	428
469	427
470	426
472	426
472	425
473	425
474	424
476	424
477	423
478	423
480	422
481	421
481	421
482	420
483	418
484	417
485	416
486	415
487	414
488	414
489	413
490	412
490	411
491	411
491	411
492	410
492	408
492	407
493	406
494	404
495	404
496	402
496	402
496	401
496	400
496	399
496	399
496	397
496	396
496	396
496	395
496	394
496	393
496	392
496	391
496	389
496	389
497	388
497	387
497	386
497	385
497	384
497	384
498	381
498	380
498	379
498	378
498	378
498	377
499	376
500	376
502	374
503	373
504	373
505	372
506	372
507	372
507	372
508	372
508	372
509	372
510	372
510	370
511	370
512	371
513	371
515	372
517	374
517	375
517	376
517	377
517	377
517	378
517	380
517	381
517	382
518	383
518	385
518	386
518	387
518	387
518	389
518	390
518	391
518	391
518	392
518	393
518	394
518	394
518	396
518	397
518	397
518	398
517	399
516	400
515	402
515	403
515	404
514	406
513	406
512	406
511	407
510	408
509	408
508	408
506	410
505	411
505	411
504	411
504	411
503	411
501	411
500	411
500	411
499	412
498	412
497	412
496	412
496	412
494	412
493	413
492	413
492	413
490	413
490	413
489	413
488	413
487	413
487	413
486	413
485	413
483	413
482	413
481	413
480	413
479	413
478	413
477	413
476	413
474	413
470	411
469	411
469	409
468	408
466	408
465	408
465	407
464	406
464	405
464	405
464	404
464	403
464	402
464	401
464	401
463	400
463	400
463	399
463	398
463	398
463	396
462	394
462	393
462	392
462	392
462	391
462	391
462	390
462	389
462	388
462	387
462	386
462	385
462	384
462	384
462	383
462	382
462	382
462	382
462	381
462	380
462	379
462	379
462	378
462	377
462	376
462	376
463	375
464	374
465	373
465	373
465	372
465	371
465	371
466	370
467	369
468	368
469	367
469	366
469	365
469	364
470	363
471	362
472	361
473	359
474	359
475	358
476	357
476	357
478	355
479	354
480	354
482	353
483	353
485	351
486	350
486	350
487	350
488	349
494	347
494	347
496	347
496	347
497	347
498	347
499	347
500	346
501	346
503	345
503	345
505	345
506	344
508	342
510	342
510	341
511	341
511	341
513	340
514	340
516	340
518	340
519	339
520	339
521	339
523	339
524	339
525	339
526	339
529	338
530	337
531	337
532	337
532	337
533	337
534	337
535	337
536	337
537	337
538	337
540	337
541	337
542	337
543	337
547	340
547	340
549	340
550	340
551	340
552	340
554	340
554	340
555	340
555	340
556	340
557	340
559	341
561	341
561	342
562	342
563	342
563	343
564	343
564	343
565	344
566	345
567	346
568	346
569	346
570	347
571	348
572	349
572	350
573	351
574	351
574	351
576	352
576	353
577	354
578	355
579	355
579	356
579	357
580	357
581	358
582	358
582	358
583	359
583	359
584	359
584	360
584	360
585	361
585	362
585	363
585	364
585	364
585	366
586	367
586	368
586	369
586	370
586	370
586	371
586	372
586	374
586	375
586	375
587	376
587	378
587	379
587	379
587	380
587	382
587	383
587	383
587	384
586	387
586	388
586	389
586	390
586	391
585	391
584	392
584	393
583	394
583	395
582	397
581	397
581	398
581	398
580	398
580	398
579	398
579	398
578	398
578	398
576	398
575	398
574	398
574	398
573	398
572	398
572	398
571	398
570	398
569	398
569	398
568	398
567	398
566	398
566	398
565	398
564	398
564	398
563	398
563	398
561	398
561	398
560	398
560	398
559	398
559	397
559	397
558	396
557	395
557	395
556	394
556	394
555	393
554	393
553	393
553	392
552	391
551	391
551	391
551	390
550	389
550	389
550	388
549	387
548	386
547	385
547	384
547	383
546	382
546	382
546	381
546	380
546	378
546	377
546	376
546	375
546	374
546	373
546	372
546	371
546	370
546	370
546	368
546	368
547	367
548	366
548	365
549	363
549	363
550	363
550	363
551	363
552	363
552	363
553	364
554	365
554	365
554	366
555	366
555	367
555	368
555	369
555	369
555	370
557	372
557	372
558	373
558	374
558	375
558	376
559	377
559	378
560	380
560	381
560	382
560	382
560	382
561	382
561	383
562	383
563	384
563	385
564	385
564	386
565	387
566	387
567	388
567	388
568	388
569	389
570	389
570	389
571	389
571	389
572	390
573	391
574	391
575	391
576	391
576	391
577	391
578	391
579	391
580	391
582	391
583	391
584	391
584	391
586	391
587	391
589	390
590	390
590	390
591	389
591	388
592	387
593	386
594	386
595	386
595	386
597	385
598	385
598	385
600	384
601	383
602	383
603	383
604	382
606	382
606	382
607	382
607	382
609	382
610	382
611	382
611	382
613	382
614	382
614	382
614	382
615	382
616	382
620	382
621	382
621	382
623	382
624	382
625	383
626	383
627	383
627	384
628	385
628	385
629	386
629	387
630	387
630	388
631	389
632	389
633	390
634	391
635	392
636	393
636	393
637	394
637	394
638	395
639	396
640	396
640	397
641	398
642	399
643	399
644	399
644	399
645	399
645	399
646	399
647	400
648	400
650	400
651	401
652	402
653	403
654	403
655	403
656	404
656	404
657	405
658	405
659	405
659	406
660	407
662	407
664	407
664	408
666	408
667	408
668	409
668	409
669	410
670	411
671	411
672	412
673	414
674	414
674	414
675	414
675	415
676	415
677	416
678	416
679	417
681	418
681	418
682	418
683	419
684	420
685	420
686	421
687	421
688	422
690	422
691	423
691	423
692	424
693	425
694	426
695	426
696	426
697	427
697	428
698	429
699	430
699	430
700	430
701	431
702	432
702	432
703	433
707	436
708	436
709	436
710	437
713	438
714	439
714	441
715	442
715	443
716	443
717	444
718	445
718	446
718	447
719	448
719	450
720	450
721	450
721	451
721	451
722	452
722	453
723	453
724	454
725	455
726	456
726	457
727	457
728	458
728	459
729	460
729	461
730	462
730	463
730	463
731	464
732	465
733	466
733	466
733	467
733	467
734	468
734	469
734	470
735	471
736	472
736	473
736	474
737	475
737	475
737	476
737	477
737	478
737	479
737	480
737	482
737	483
738	484
738	484
739	485
740	485
740	486
741	487
741	488
741	489
741	491
742	493
742	493
742	495
745	498
745	498
745	500
745	501
745	501
745	502
745	504
745	505
745	506
745	506
745	507
745	508
745	508
745	509
745	511
745	512
745	512
745	513
745	515
745	516
745	517
745	517
745	519
745	520
745	521
745	522
745	523
745	523
745	524
745	525
744	526
743	525
743	526
743	528
743	529
742	530
741	531
740	532
740	533
740	534
740	535
740	536
740	536
739	538
737	539
737	540
736	542
735	543
735	543
734	545
733	546
733	546
732	547
732	548
732	548
732	550
730	552
729	555
729	555
728	556
728	557
727	558
727	559
725	561
725	562
725	563
724	563
724	564
723	565
723	566
722	567
721	568
720	568
719	568
719	568
718	568
717	569
717	570
716	571
715	572
714	572
713	573
712	574
711	574
710	574
710	574
709	575
709	575
708	575
708	575
707	575
706	576
705	576
705	576
704	576
703	577
701	577
699	578
698	579
698	580
697	580
696	581
695	581
694	581
694	581
693	581
693	581
691	581
690	581
689	580
688	579
686	579
686	578
685	578
684	577
683	577
682	577
681	577
681	577
679	577
678	577
677	577
676	576
675	575
674	575
673	572
672	572
670	571
669	571
669	571
668	571
668	571
666	571
666	570
665	570
665	570
663	570
661	569
661	569
660	569
659	568
658	568
658	567
657	566
656	566
656	566
655	565
654	564
653	564
652	563
651	562
650	561
649	560
649	559
648	559
647	559
647	558
646	557
646	557
645	557
644	556
643	555
643	554
641	554
640	553
639	552
638	551
637	550
636	550
635	549
634	549
634	549
633	548
633	548
631	547
630	546
629	545
629	545
628	544
627	543
626	543
625	542
624	542
623	541
622	540
621	539
621	538
620	538
620	537
619	536
615	534
614	533
613	532
612	532
612	531
611	530
610	529
609	528
608	527
608	526
607	526
607	525
606	524
605	523
605	522
604	522
604	521
603	520
602	520
602	519
601	518
600	517
599	515
598	515
598	515
597	514
596	514
596	513
595	513
595	513
594	512
593	512
592	512
591	512
590	511
590	510
585	509
585	509
584	509
582	509
581	509
580	509
579	508
578	508
577	508
576	508
576	507
574	507
573	507
572	507
572	507
571	506
571	505
570	505
569	504
568	504
567	504
567	504
566	503
566	503
565	502
564	502
564	501
563	501
563	500
562	500
562	499
561	499
561	499
561	499
560	498
560	498
559	497
559	496
558	496
558	495
557	494
557	493
556	492
555	491
555	491
554	490
553	489
553	489
553	488
552	488
552	487
551	487
551	486
551	486
550	484
550	484
550	483
549	482
548	481
547	480
547	480
547	479
547	478
546	478
546	477
546	476
545	475
544	474
544	474
544	472
543	471
543	470
542	469
542	468
541	467
541	466
540	466
540	465
540	464
540	463
540	462
540	460
539	459
539	458
538	457
537	456
537	456
537	455
536	455
536	454
536	453
536	452
535	451
535	451
535	450
535	449
535	448
535	448
535	447
535	447
534	445
533	445
533	445
533	442
533	441
533	440
533	440
533	439
533	437
533	436
533	436
533	435
533	433
533	432
533	432
533	431
533	430
533	430
533	429
533	429
533	427
532	426
532	425
531	424
531	423
531	422
531	422
530	421
530	420
530	420
530	419
530	419
530	418
529	417
529	416
529	416
529	415
529	415
529	414
529	413
529	412
529	412
529	410
529	410
529	410
529	409
529	408
529	407
529	407
529	406
530	406
530	405
530	404
530	403
531	402
531	402
531	401
531	401
532	400
533	399
533	398
534	397
535	397
536	397
540	398
540	398
540	399
540	399
541	400
541	401
541	402
542	402
543	403
543	404
544	404
544	405
544	405
544	406
544	407
545	407
546	408
546	409
546	410
546	411
546	413
546	414
547	414
547	415
547	416
547	417
547	417
547	418
547	419
547	420
547	421
547	421
547	422
547	423
547	424
547	425
547	425
547	426
548	427
548	427
549	428
549	429
549	430
549	431
549	431
549	433
549	434
549	434
549	435
549	436
549	437
549	438
549	438
549	440
549	441
549	441
549	442
549	444
549	445
549	445
549	446
549	448
549	449
549	449
549	450
550	452
550	454
550	455
550	456
550	456
550	457
550	458
550	459
550	460
550	461
550	463
550	464
550	465
550	466
551	467
551	468
551	468
551	469
551	469
551	471
551	472
551	472
551	473
551	475
551	476
551	477
550	479
550	480
550	481
550	482
549	483
549	484
549	484
549	485
549	486
548	486
551	490
551	491
551	492
551	492
551	493
551	494
551	494
551	495
551	496
551	497
551	497
550	498
550	499
550	500
548	501
547	503
547	504
547	505
546	505
545	507
545	510
545	510
545	512
544	513
543	514
542	515
541	515
541	516
541	517
540	517
539	518
537	520
537	521
537	521
536	522
535	523
535	524
535	525
534	526
533	523
533	524
532	525
530	527
529	528
527	530
526	531
525	531
524	532
524	532
523	532
523	533
522	534
521	535
520	537
519	538
518	538
517	539
516	540
516	540
515	541
514	543
514	544
513	545
512	546
511	547
511	548
509	549
508	550
507	551
507	552
507	552
505	554
505	556
505	557
504	558
503	559
503	560
503	561
502	562
501	562
500	564
498	566
498	567
497	569
496	570
494	572
493	573
492	573
492	574
492	575
491	575
491	576
491	576
490	577
490	578
490	579
489	580
489	581
489	582
488	583
488	584
487	585
487	586
486	587
486	588
485	589
485	589
483	591
483	592
483	592
482	593
482	595
482	596
481	597
481	597
480	599
480	600
479	602
479	603
478	603
478	604
478	604
478	605
477	606
476	607
475	608
474	609
474	610
473	610
471	612
471	613
471	613
470	614
470	614
470	615
469	617
468	618
467	619
467	620
467	620
467	621
467	622
467	624
466	624
466	625
466	626
466	626
465	627
465	628
464	629
463	630
463	631
462	631
460	633
459	634
459	635
459	636
459	636
459	637
459	637
459	638
458	640
458	641
458	643
458	644
458	644
458	645
458	645
458	646
459	647
460	647
461	648
462	649
462	650
463	651
464	651
465	652
465	652
467	652
467	652
468	652
469	652
471	651
472	651
474	650
475	650
476	650
476	650
477	650
479	650
480	650
480	650
481	650
482	649
483	649
484	649
484	649
485	648
487	648
489	647
490	646
491	646
492	645
493	645
494	645
495	645
496	644
497	643
498	643
499	642
500	641
500	641
501	640
501	640
502	640
503	640
504	639
505	638
506	637
506	636
507	636
507	636
509	635
509	634
510	634
510	633
511	632
511	631
512	630
512	628
513	627
513	627
513	626
513	625
513	625
513	624
513	624
513	622
513	622
513	621
513	620
513	619
513	619
513	618
513	618
513	617
513	616
512	616
511	615
511	614
510	614
510	613
509	613
508	612
508	611
507	611
506	611
506	610
505	610
504	609
503	608
503	608
502	608
502	608
501	608
500	607
499	606
499	606
498	606
497	606
497	606
496	606
495	606
495	606
494	607
494	608
493	609
493	610
493	610
493	612
493	613
493	613
493	614
494	614
494	615
495	616
495	616
496	616
497	617
498	617
498	617
499	618
499	618
500	618
500	619
501	620
501	620
502	620
503	621
504	621
506	623
506	623
508	623
508	623
509	624
510	624
510	624
511	624
512	624
513	624
513	624
514	625
514	626
515	626
515	626
516	626
517	626
518	626
518	626
519	626
521	626
521	626
522	626
523	625
524	625
525	625
526	625
528	625
529	625
531	624
531	624
532	624
532	624
534	624
534	624
535	623
536	623
538	623
539	622
541	622
542	622
544	621
546	621
547	620
548	620
549	620
551	620
553	619
554	619
555	619
557	617
557	617
559	617
560	617
561	617
562	617
565	616
570	616
572	616
574	616
574	616
575	615
576	615
577	615
577	614
579	612
580	612
581	612
582	611
583	610
584	609
585	608
586	608
586	607
588	606
588	606
589	605
590	604
590	604
591	603
591	603
591	602
592	601
591	600
590	600
590	600
589	599
589	599
588	599
588	599
587	599
587	599
586	599
586	599
585	600
585	600
584	601
584	602
584	602
584	603
584	603
585	604
585	604
586	605
586	605
587	606
588	607
588	607
588	608
589	608
590	609
590	609
590	610
591	610
592	611
593	612
597	613
597	613
598	613
599	613
599	613
599	613
600	614
601	614
601	615
602	615
603	616
604	616
605	616
606	616
606	616
608	616
609	616
610	616
611	616
612	616
613	617
614	618
614	618
615	618
616	618
616	618
617	618
618	618
619	618
620	618
620	618
621	619
622	619
623	619
624	619
625	619
627	619
628	619
629	620
630	620
632	620
633	620
634	620
636	620
636	620
637	621
638	622
640	622
641	622
642	622
643	622
645	622
646	622
646	622
650	622
650	622
651	622
652	622
653	622
654	622
655	622
655	622
656	621
658	621
658	621
659	621
660	620
662	620
663	620
664	619
665	619
667	619
669	619
669	619
671	619
673	618
674	617
676	617
677	617
678	617
679	616
680	616
681	616
682	616
682	616
684	616
685	616
686	616
687	615
689	615
690	615
692	614
694	614
695	612
694	612
695	612
695	612
696	612
698	611
699	609
700	608
701	608
702	608
703	607
704	606
704	606
705	606
706	605
707	604
708	603
711	602
712	602
713	601
715	599
715	598
716	598
717	597
720	594
720	594
721	593
722	592
723	592
723	591
725	589
725	589
726	588
726	587
726	586
727	585
727	584
727	584
727	582
728	580
729	579
730	578
730	577
733	576
734	575
734	575
734	574
735	573
736	572
737	571
737	570
738	569
738	568
738	567
739	564
741	563
741	562
742	561
742	560
742	560
743	559
743	558
743	557
745	555
746	552
746	552
747	551
747	549
747	548
747	547
748	546
749	545
749	544
750	543
750	543
751	541
751	540
751	538
755	540
755	539
755	538
756	537
756	536
756	535
757	534
757	533
757	533
758	531
758	530
759	529
759	528
760	527
760	526
760	525
761	524
762	523
763	522
763	521
763	520
764	519
764	518
765	516
765	515
767	513
767	512
767	511
767	511
767	509
767	508
767	508
767	507
768	506
768	504
768	504
769	503
769	502
771	500
771	499
771	498
771	497
771	496
772	494
773	493
773	492
773	491
773	490
773	489
773	488
773	486
774	485
776	483
777	482
777	481
777	480
778	479
777	476
778	476
778	475
778	474
778	473
779	472
779	470
779	468
781	465
781	464
781	463
781	460
782	458
782	457
782	455
782	454
783	453
783	452
783	450
784	449
784	449
784	448
784	446
784	445
784	444
784	443
784	441
784	440
785	439
786	438
786	436
786	435
786	434
786	433
786	431
786	430
787	428
790	429
790	428
791	427
791	426
791	425
791	424
791	423
791	420
792	419
792	418
792	416
792	415
792	413
792	411
793	409
793	408
793	407
793	406
793	406
793	405
795	402
795	401
795	401
795	399
795	398
795	397
795	396
795	394
795	393
795	392
795	392
795	391
795	390
795	390
795	389
795	388
795	387
795	386
795	386
795	385
795	384
795	383
795	382
795	381
795	380
794	379
794	379
794	378
794	377
793	377
793	376
794	375
794	374
794	373
794	372
794	371
794	371
794	369
794	368
794	368
794	367
793	366
792	365
792	364
792	364
792	363
792	361
791	360
791	360
791	359
791	357
791	356
791	355
791	354
790	353
790	353
790	352
790	352
790	351
790	350
790	349
790	349
790	348
790	347
790	346
790	345
790	345
789	344
788	344
788	343
788	342
788	342
787	340
787	339
787	339
787	339
786	338
786	337
786	336
785	335
784	334
784	332
784	331
783	330
783	329
783	329
783	328
783	327
783	327
783	326
782	326
780	324
780	322
780	322
780	321
779	320
778	318
778	317
777	316
776	315
775	314
775	314
775	313
774	312
772	312
771	312
771	312
770	312
769	312
769	312
768	312
768	312
767	312
766	312
766	312
765	313
764	313
764	313
763	314
763	314
763	314
761	316
760	317
759	319
759	319
758	321
757	321
757	322
757	323
756	324
756	325
756	326
756	326
756	327
755	328
755	339
754	340
754	341
754	342
754	342
754	343
753	346
752	347
752	348
752	349
752	350
752	351
752	351
752	353
751	354
751	355
751	355
751	357
751	358
751	358
750	359
750	361
750	362
750	362
750	363
750	365
750	366
750	367
749	368
748	369
748	370
747	371
747	372
747	373
746	376
746	377
746	378
745	379
745	380
745	381
745	381
745	382
744	383
743	384
743	385
745	384
745	385
745	386
745	388
745	389
745	390
744	391
744	393
744	394
744	395
744	396
743	396
742	397
742	398
741	399
741	399
741	401
741	402
741	403
741	405
740	406
740	407
740	408
740	410
738	412
738	413
737	414
737	415
737	416
737	417
737	418
736	419
736	420
735	421
734	422
734	423
733	425
732	426
732	426
732	427
731	427
730	428
730	428
727	429
727	429
726	429
725	429
724	429
724	429
723	429
722	429
721	429
721	428
720	426
719	426
718	425
718	424
717	423
717	422
717	422
717	421
717	420
717	420
717	419
716	418
716	417
716	416
715	414
715	413
715	412
714	411
714	410
713	410
713	409
713	408
712	407
712	406
711	405
710	404
710	403
710	403
710	402
710	400
709	399
709	398
708	398
708	397
706	395
706	395
706	394
706	393
705	391
705	390
705	390
705	389
704	388
703	387
703	386
702	385
701	385
700	383
700	382
699	382
698	381
697	380
697	379
697	378
696	377
695	376
694	375
694	374
693	374
693	373
692	372
691	371
691	371
690	369
689	368
689	368
688	368
687	366
686	365
686	364
685	364
685	364
684	363
683	362
682	362
681	361
681	360
680	360
680	359
679	359
677	359
677	359
676	358
676	358
677	357
676	357
676	357
675	356
674	355
673	354
672	353
671	352
671	352
670	351
669	351
668	350
668	350
667	350
666	349
665	348
664	347
662	347
661	346
660	345
660	345
659	345
658	344
657	343
656	342
655	342
654	341
653	340
652	340
651	339
651	339
650	338
649	337
648	337
648	337
647	336
646	335
645	334
645	334
644	334
643	334
642	333
641	334
641	334
640	334
639	334
639	334
638	334
637	333
635	333
635	333
634	332
633	331
632	331
632	331
631	330
630	329
629	329
629	328
628	328
626	326
625	326
624	326
623	325
623	325
622	325
621	325
620	324
618	323
618	322
617	322
616	322
615	321
615	321
614	320
613	320
613	320
612	319
611	318
610	317
609	317
608	317
607	317
607	316
604	315
604	315
603	314
603	314
602	314
601	313
600	313
599	313
598	312
597	311
596	310
596	310
595	310
595	309
595	309
594	309
593	308
592	307
591	306
590	306
589	305
588	305
587	304
587	303
586	303
585	302
584	301
584	300
584	300
583	299
582	298
581	297
581	297
581	296
579	294
579	294
578	293
578	292
577	291
577	291
577	290
577	289
576	288
575	287
574	286
573	285
572	285
572	284
571	284
571	283
570	282
569	282
568	282
567	281
567	281
566	280
566	280
565	279
564	278
563	277
562	277
562	277
561	277
561	277
559	277
558	277
558	277
557	278
557	278
557	279
556	279
556	280
555	281
555	282
555	282
555	283
555	283
555	285
555	285
555	286
555	286
555	287
556	288
557	289
557	289
558	289
559	290
559	290
560	290
561	291
561	291
562	291
562	291
563	291
563	292
564	292
565	292
566	292
566	292
567	292
568	292
568	292
570	292
570	292
571	292
573	291
574	291
574	291
575	291
576	291
577	291
577	291
579	290
581	290
582	290
582	290
583	290
585	289
586	289
587	289
588	289
589	288
590	288
593	289
594	289
595	288
596	288
597	287
598	287
599	286
600	285
601	285
603	284
604	284
605	283
606	283
607	283
608	282
610	280
611	280
612	280
612	279
613	279
615	279
617	278
618	277
620	277
620	277
622	276
623	275
624	274
625	274
625	273
627	271
628	270
629	270
630	269
631	268
631	268
633	266
634	266
634	265
635	264
636	263
637	262
638	262
638	261
639	259
640	258
641	257
642	256
642	254
643	253
643	252
644	251
644	250
646	248
646	247
646	247
646	246
646	245
647	243
647	241
647	240
647	239
647	239
648	238
648	237
648	236
648	235
648	233
648	232
648	231
649	230
649	228
649	228
649	227
648	227
648	226
648	225
648	224
648	223
648	223
648	222
648	221
648	220
648	220
647	219
646	218
646	217
646	216
646	216
646	215
646	213
646	213
646	212
646	212
645	209
645	208
645	208
645	207
644	206
644	205
643	205
643	204
643	203
643	203
642	202
642	202
642	201
641	201
641	199
640	198
640	197
639	197
638	197
638	196
637	196
635	195
634	195
633	195
632	195
632	195
631	195
630	195
630	195
629	195
628	195
627	196
626	197
625	197
625	198
624	198
624	198
623	198
623	198
622	199
620	201
619	202
619	202
618	204
618	205
618	206
618	208
618	209
618	209
618	210
618	212
618	213
618	213
618	214
619	214
619	214
620	214
620	214
621	215
621	215
622	215
623	216
623	216
624	217
625	217
626	217
627	217
627	217
628	217
629	217
629	217
630	217
631	218
631	218
632	218
632	218
633	218
633	218
634	219
635	219
635	219
636	219
637	219
638	219
638	219
639	219
640	220
641	220
642	220
642	220
643	220
644	220
644	220
645	220
646	220
647	221
648	221
648	221
649	221
650	221
651	221
651	222
652	223
654	223
654	223
655	223
656	223
658	223
659	223
659	223
660	223
661	223
662	223
663	223
664	223
665	223
666	223
668	224
669	224
672	225
672	225
673	225
675	225
675	225
676	225
677	225
679	225
680	225
681	225
682	225
684	225
684	225
685	225
686	225
688	225
689	225
690	225
691	225
693	225
694	225
695	225
696	225
698	225
699	225
699	225
700	225
702	225
703	225
704	225
705	225
706	225
706	225
707	225
708	226
711	228
713	229
714	229
715	229
717	234
718	235
720	235
722	235
722	235
723	236
724	237
726	237
727	238
727	238
728	238
729	238
730	239
730	239
731	240
732	241
733	241
734	241
735	242
736	242
737	243
737	243
738	244
739	246
739	246
740	247
740	249
740	250
741	250
741	251
741	252
742	253
743	254
743	254
743	255
744	256
744	257
744	257
744	258
745	259
745	259
745	260
745	262
746	263
747	264
747	265
747	266
747	267
747	267
747	268
747	270
747	271
747	272
747	273
747	273
747	274
747	275
747	276
748	276
748	278
748	278
748	279
748	279
748	281
749	282
749	282
749	283
749	285
749	285
749	286
749	286
749	287
749	288
749	289
749	290
749	291
749	292
749	292
749	293
749	295
749	296
749	296
749	297
749	298
749	299
749	300
750	300
750	301
750	302
750	302
750	303
749	304
749	304
749	305
749	307
749	308
749	308
748	309
748	310
747	311
746	312
746	313
746	313
746	314
745	315
744	316
744	316
744	317
743	319
741	320
740	321
740	321
740	322
740	323
740	324
739	325
738	327
737	328
737	329
736	330
735	331
735	332
734	333
733	334
733	335
732	335
732	336
731	338
730	338
730	338
729	339
728	340
727	340
725	342
724	343
722	344
721	345
721	346
720	346
719	347
719	347
718	347
718	347
717	347
716	347
715	347
715	347
713	347
712	347
712	347
711	348
709	348
708	348
707	348
707	348
705	348
704	348
704	348
703	348
702	348
701	348
700	348
699	348
698	348
697	348
696	348
696	348
695	348
694	348
693	348
692	348
691	348
690	348
689	348
689	348
687	348
687	348
686	347
685	346
685	345
684	345
684	345
683	345
682	344
680	344
678	343
677	343
677	343
676	342
675	342
674	341
673	340
672	340
671	339
670	338
668	338
667	337
666	337
666	336
665	335
664	335
664	335
663	334
663	334
662	333
661	332
661	332
660	331
660	330
659	329
658	328
658	327
657	326
656	325
655	324
655	323
654	322
654	320
653	319
652	317
652	316
654	315
654	314
652	312
652	311
651	310
651	309
651	309
651	308
651	307
651	306
651	305
651	305
651	304
651	302
651	301
651	301
651	300
651	299
651	298
651	298
651	297
651	296
651	295
651	294
651	293
651	291
651	291
651	290
651	289
651	287
651	286
651	286
651	285
651	283
651	282
651	282
651	281
651	280
651	279
652	278
652	277
652	277
656	277
657	276
657	275
657	274
657	273
658	272
659	269
660	267
661	265
663	263
664	261
664	261
665	260
665	260
666	259
668	258
668	257
669	256
670	256
670	255
671	254
672	253
673	252
674	252
674	252
675	251
676	251
676	250
678	250
679	250
680	250
681	249
682	248
682	248
683	248
684	248
685	248
686	248
687	248
687	248
688	248
689	248
690	248
691	248
692	248
693	248
694	248
695	249
696	249
697	249
698	249
699	250
700	250
702	250
703	251
704	251
704	251
706	251
707	251
708	251
709	252
710	253
711	253
712	253
712	253
713	254
715	254
716	255
717	255
718	255
719	256
720	256
721	257
722	257
723	258
723	258
724	259
724	259
725	259
726	260
727	261
728	262
731	264
731	264
732	265
732	267
732	268
733	269
734	270
734	271
734	272
735	273
735	274
735	275
735	276
735	276
735	277
735	278
736	279
736	279
736	280
736	282
736	282
736	283
736	284
736	285
736	286
736	286
736	287
736	289
736	290
736	291
738	291
739	291
739	292
739	292
739	293
739	294
739	296
739	297
739	297
739	298
738	300
738	301
738	301
737	302
736	303
736	304
735	304
735	305
735	306
734	308
734	309
734	310
732	312
732	313
731	314
731	315
730	317
730	317
729	319
727	321
727	322
726	323
726	326
725	327
725	328
724	330
723	330
723	331
722	332
722	333
721	333
720	333
719	334
718	335
718	335
717	335
717	335
716	335
715	335
714	335
714	335
713	335
712	335
712	335
715	336
715	336
714	336
712	336
711	336
710	336
709	336
707	336
706	336
706	336
705	335
704	335
703	334
702	334
701	333
700	333
699	332
699	332
698	331
698	331
696	331
695	330
694	330
693	329
691	329
690	329
689	329
688	328
687	327
686	327
686	327
685	327
684	326
683	326
682	326
682	325
681	325
680	324
680	323
679	323
678	322
677	321
677	320
676	319
675	318
674	318
674	317
673	316
673	315
672	315
672	314
672	313
670	311
670	310
670	309
669	308
669	307
668	305
668	303
667	302
667	302
667	301
667	299
667	299
667	298
667	298
667	296
667	295
667	294
667	294
667	292
667	291
667	290
668	289
668	288
668	288
669	287
670	286
670	284
671	283
672	282
672	282
673	280
674	279
674	278
675	278
676	277
677	276
678	275
678	274
679	273
680	273
681	272
681	271
682	271
683	271
683	271
684	271
685	270
685	270
685	269
686	268
686	268
687	268
687	268
689	268
690	268
690	268
691	268
692	268
692	268
693	267
694	266
695	266
696	266
696	266
696	266
697	266
698	266
698	266
699	266
700	266
700	266
701	266
702	267
702	267
702	268
702	268
703	268
703	269
704	269
704	269
705	270
706	270
706	270
707	271
707	271
708	271
709	272
709	273
710	274
711	275
711	275
711	277
712	278
713	279
714	280
714	280
714	281
714	281
714	282
714	284
714	285
714	285
714	286
713	289
713	290
712	290
712	292
711	293
710	294
710	294
709	294
709	294
708	294
707	294
707	294
707	294
705	294
705	294
704	294
704	294
702	294
702	294
701	294
701	294
700	294
699	294
698	294
697	294
695	294
694	294
694	294
693	294
691	293
691	292
691	291
690	291
690	290
690	289
689	287
689	286
689	285
689	285
688	284
688	284
688	283
688	282
687	281
687	282
687	281
688	280
688	280
688	279
689	277
689	276
689	275
689	273
690	272
691	271
692	270
692	269
693	268
694	267
694	267
695	266
696	266
697	265
698	264
700	263
700	263
701	263
702	263
702	263
703	263
703	263
705	263
705	263
706	263
707	264
709	264
709	264
710	264
711	265
713	265
714	265
716	266
718	266
720	267
720	267
722	267
723	267
724	268
725	269
727	269
728	269
728	270
729	270
730	270
731	270
732	270
732	271
734	271
734	271
735	272
736	273
737	273
739	274
740	274
741	275
743	275
744	276
745	276
745	277
746	278
748	278
749	279
749	280
750	281
751	282
752	282
753	283
754	284
755	284
756	285
756	286
757	287
757	287
753	284
753	284
754	285
754	286
755	286
755	287
755	288
756	288
756	289
756	290
756	291
756	291
757	292
758	293
758	293
759	292
759	291
759	291
759	290
760	289
760	288
760	287
760	286
761	284
761	284
761	283
761	282
762	281
762	279
762	279
764	277
764	275
765	274
765	273
765	272
766	271
766	270
766	270
766	269
766	269
766	268
766	267
766	266
766	265
766	264
766	263
766	262
766	262
766	261
766	260
766	259
766	259
766	258
766	256
766	255
766	254
766	254
766	252
766	251
766	251
766	253
766	253
766	251
765	250
764	249
763	248
763	247
763	246
762	245
762	244
761	243
761	243
761	242
760	241
759	240
758	238
758	238
758	237
757	236
757	235
757	235
757	234
756	233
755	233
755	232
755	231
754	230
754	229
754	229
753	228
753	227
752	226
751	225
750	224
749	223
749	222
748	221
748	221
747	220
747	219
744	217
743	217
741	217
740	216
739	216
738	216
736	216
734	214
733	213
732	213
731	213
730	212
729	212
728	211
727	211
726	210
725	209
725	208
723	208
722	207
721	206
721	206
720	205
719	204
718	204
717	203
716	203
714	203
713	203
712	202
711	202
709	202
708	201
707	200
706	199
705	199
704	198
703	198
702	197
700	197
699	196
698	195
697	195
696	194
695	194
694	194
693	193
692	192
691	192
690	191
689	190
688	189
687	188
686	188
685	188
684	187
683	187
683	186
682	186
681	185
679	184
679	183
678	183
677	183
676	182
675	181
674	180
673	180
672	180
671	179
670	179
670	179
669	179
668	179
667	179
666	178
665	177
664	177
663	176
663	176
662	175
660	175
659	174
658	174
657	174
656	173
655	172
655	172
654	171
653	171
652	171
651	170
649	169
648	169
647	169
646	168
646	167
651	167
650	167
649	167
649	167
648	167
646	167
644	166
643	166
641	166
641	166
640	165
639	164
637	164
636	163
635	163
633	163
632	162
631	162
631	162
629	162
629	162
628	162
627	162
626	162
625	162
624	162
623	162
621	162
620	162
619	162
618	162
616	162
616	162
615	162
615	162
613	162
613	162
612	162
611	162
610	162
609	162
607	160
606	160
605	160
604	160
604	160
602	160
601	161
600	161
599	161
598	161
596	162
594	162
593	162
592	162
591	163
591	164
590	164
589	165
588	166
584	168
581	169
580	170
580	170
584	171
583	171
582	172
581	173
580	174
579	175
579	176
578	177
577	179
576	180
576	181
576	182
575	183
575	185
575	185
574	187
574	189
573	190
573	191
573	191
573	193
572	195
571	196
570	197
570	198
570	199
570	199
569	200
569	201
569	202
569	203
569	204
568	206
567	207
566	208
565	209
565	209
564	210
564	211
564	212
563	213
562	214
561	215
560	216
560	217
560	218
560	218
560	219
559	220
557	223
556	224
556	225
556	227
555	228
554	228
554	229
552	231
551	232
551	233
550	233
548	234
548	235
547	235
546	235
545	236
544	236
543	236
542	236
541	236
540	236
538	236
537	236
537	236
536	237
535	237
535	237
534	236
533	236
532	235
531	234
530	233
529	233
529	232
528	231
528	230
528	229
527	229
526	228
525	226
525	225
525	224
524	221
524	221
523	220
523	220
524	219
523	219
523	218
523	218
523	217
523	216
523	215
523	214
523	213
523	211
523	210
523	209
523	209
523	207
523	206
523	205
523	204
523	202
523	201
523	200
523	200
523	198
523	197
523	197
523	196
524	194
524	193
525	192
525	192
525	190
525	189
526	188
526	187
527	186
527	185
529	183
529	182
529	181
530	180
531	179
531	179
532	176
533	176
534	175
534	174
535	173
535	172
536	171
537	170
535	176
535	175
536	174
538	173
539	172
540	171
540	170
541	169
542	168
543	167
543	166
543	165
544	163
545	162
546	161
547	160
547	159
548	158
548	158
548	157
548	155
549	154
550	153
551	152
552	151
553	150
554	149
555	148
556	147
556	147
557	146
557	146
558	144
558	143
558	142
558	142
558	141
558	139
558	138
558	137
558	136
558	135
558	134
558	134
557	133
557	131
556	131
555	130
555	130
554	129
554	129
554	128
553	128
552	127
551	126
551	125
550	124
550	123
549	122
549	120
548	119
547	118
546	117
545	116
545	115
544	114
544	113
544	113
543	112
543	116
542	115
541	114
540	113
539	113
538	112
538	111
537	110
536	109
535	108
534	107
534	107
533	107
531	105
530	103
530	102
529	101
528	100
528	100
527	99
526	98
525	97
525	96
525	95
524	94
524	93
524	92
523	92
522	91
522	91
521	90
521	90
520	89
520	88
519	87
518	86
517	85
516	85
515	84
514	83
514	82
514	82
513	81
513	81
512	81
511	80
511	79
510	78
509	77
508	76
507	75
506	74
506	73
506	72
505	71
503	69
503	69
502	68
501	67
501	65
501	64
500	63
500	62
499	62
499	61
498	60
497	59
497	59
496	58
495	57
494	56
494	55
493	54
493	53
492	52
492	51
492	51
491	50
491	49
491	48
490	48
490	47
490	45
490	44
489	44
489	43
489	42
490	43
491	43
491	44
492	44
493	46
493	46
494	46
495	47
495	48
496	49
497	50
497	51
498	51
499	52
499	53
500	54
501	55
502	56
503	57
503	57
504	58
505	61
505	61
506	61
507	62
508	63
508	63
509	64
510	65
511	66
512	67
513	68
515	69
516	70
517	71
518	72
519	72
520	73
521	74
521	74
522	74
523	75
524	75
525	76
526	76
527	77
528	77
529	77
531	77
532	78
533	79
533	79
534	80
535	80
536	80
536	80
538	81
539	81
540	82
541	82
542	82
543	83
544	83
545	83
546	83
547	84
548	85
549	85
550	85
551	86
553	86
554	86
555	87
556	88
557	89
558	89
559	90
559	90
560	91
561	91
562	92
563	92
564	93
564	94
566	94
567	95
568	96
569	97
570	98
571	98
572	98
573	98
574	99
576	99
577	99
578	99
579	99
580	100
580	100
582	100
583	101
584	101
585	101
586	102
587	103
587	103
589	103
590	104
591	105
591	106
592	107
593	107
594	108
595	109
597	110
598	111
599	112
600	113
601	114
603	114
603	115
604	116
605	117
606	118
606	119
607	120
608	121
609	122
610	123
611	125
611	126
612	127
613	127
613	128
613	128
613	129
613	130
613	130
612	131
611	132
611	132
610	133
608	135
608	135
607	135
606	135
606	135
605	135
604	135
603	135
602	134
601	134
600	134
599	134
598	134
598	134
597	134
596	133
595	133
595	133
593	133
592	132
592	131
591	130
590	129
590	127
590	126
589	125
588	124
587	123
587	122
587	122
587	121
587	121
587	119
587	118
586	117
586	117
586	115
586	114
585	113
584	112
583	111
583	111
583	110
583	109
583	109
583	107
583	106
582	106
582	105
582	103
582	102
582	101
581	100
580	99
579	98
579	98
579	97
579	96
579	95
578	94
578	93
578	92
578	91
577	90
577	89
576	88
575	87
575	86
575	85
575	85
575	84
575	83
575	82
575	82
574	81
574	80
573	78
573	77
572	76
571	75
571	74
571	74
570	73
570	71
569	70
569	70
569	69
568	68
567	67
566	66
566	66
566	65
566	63
566	62
566	62
565	61
565	59
564	58
563	57
562	56
561	55
561	54
561	53
560	52
560	52
559	51
559	50
558	49
557	49
557	48
557	46
556	45
555	44
555	44
554	43
554	43
554	42
553	42
553	41
552	40
551	40
551	39
550	38
550	38
549	37
548	36
548	35
547	34
546	33
546	33
546	32
545	32
544	31
543	30
543	28
542	26
541	24
540	24
539	23
539	23
539	22
538	21
538	20
537	20
536	19
536	18
535	18
534	16
533	16
532	15
531	14
531	13
530	13
529	12
528	11
527	11
526	11
525	12
525	12
524	12
524	12
523	12
523	12
522	12
521	12
521	13
520	13
519	14
519	14
518	15
518	15
517	15
517	16
516	16
516	16
515	16
515	16
515	17
515	17
515	18
515	19
516	19
516	20
517	20
517	21
517	21
517	22
517	23
517	24
518	25
519	26
520	27
521	28
521	28
522	29
522	29
523	29
524	29
525	30
526	30
527	30
528	31
528	31
529	32
530	32
530	32
531	32
532	33
533	33
533	33
534	34
535	35
537	35
538	36
539	37
540	38
541	38
542	38
542	38
543	39
544	39
545	39
546	40
547	40
548	41
549	41
550	42
551	43
551	43
552	43
553	44
554	45
555	45
556	45
557	46
557	46
558	46
559	47
560	47
560	47
561	48
562	49
564	49
565	49
565	50
566	50
568	50
569	50
569	50
570	50
571	51
572	51
572	51
573	51
574	51
575	52
576	53
578	54
580	55
580	55
581	56
583	58
584	59
585	59
586	59
587	59
588	60
590	60
591	60
592	61
593	61
595	61
596	61
597	61
598	62
599	63
600	63
600	64
601	64
602	64
603	64
605	65
606	65
607	66
608	67
611	65
611	65
612	66
613	67
615	67
616	67
616	67
617	68
618	69
619	69
620	69
621	70
622	71
623	71
624	71
625	71
626	71
627	72
629	72
630	73
630	73
632	74
633	75
634	75
635	76
636	76
636	77
637	77
638	78
638	78
639	78
640	79
642	79
642	80
643	80
644	81
645	82
646	84
648	85
649	85
650	86
652	86
653	87
654	87
655	88
656	89
657	90
659	91
660	91
660	92
661	92
662	92
662	93
662	94
664	95
665	96
665	96
667	96
668	96
668	96
669	96
669	97
670	97
671	97
672	97
672	97
673	98
674	98
675	98
676	99
676	99
677	100
678	101
679	101
680	102
681	102
681	103
682	103
683	103
684	103
684	104
684	104
686	106
686	108
686	109
686	109
686	110
686	112
686	112
686	113
686	113
686	115
686	115
686	116
686	116
686	118
686	119
686	119
686	120
685	123
685	124
684	125
684	125
683	125
683	125
682	125
682	124
681	124
680	123
679	123
679	122
679	121
678	120
678	119
678	118
678	117
677	117
676	116
676	115
675	114
675	114
675	113
674	112
674	111
674	110
673	110
673	109
673	108
672	107
672	106
672	105
671	105
671	104
671	103
670	102
670	101
669	100
669	98
669	98
668	97
667	96
667	95
667	94
667	93
667	93
667	92
666	91
666	90
666	90
666	89
665	88
665	87
665	87
665	86
664	85
663	84
663	83
662	83
662	82
662	81
661	80
661	79
661	78
660	77
660	77
659	76
658	75
658	74
658	72
657	71
657	71
657	70
657	69
656	69
656	67
655	67
654	66
653	65
653	63
653	62
653	61
652	60
652	59
652	58
652	57
651	56
650	55
649	54
649	54
648	53
647	52
647	51
647	50
646	50
646	49
645	48
644	47
644	47
643	46
642	45
641	44
641	43
640	42
640	41
639	41
639	39
638	39
638	34
637	33
637	32
636	31
635	30
634	29
633	27
633	26
633	26
632	25
632	24
631	23
630	23
630	22
629	21
628	21
627	21
626	20
625	19
624	18
624	17
624	17
624	16
623	15
622	15
622	14
621	13
620	12
619	11
618	10
617	10
616	9
615	8
615	8
614	8
613	7
612	7
611	6
611	6
610	6
609	6
609	6
607	6
606	6
605	6
603	7
602	7
601	7
601	7
600	7
599	7
598	8
597	8
597	8
596	9
596	9
595	10
594	11
594	12
594	14
594	15
595	15
596	16
596	17
597	19
598	19
599	20
600	21
601	22
602	23
603	24
604	24
605	24
606	24
606	24
607	24
608	24
610	25
611	25
612	25
613	26
614	27
615	27
616	27
616	27
617	27
618	27
620	27
621	27
622	27
622	27
623	28
624	28
625	29
626	30
627	31
627	32
628	32
629	32
630	33
630	34
631	34
632	34
633	35
634	35
634	36
635	36
636	36
636	37
637	37
639	37
640	37
641	37
642	38
644	38
646	39
646	40
647	40
648	40
649	41
649	41
651	41
652	42
653	43
653	44
655	44
656	44
657	44
658	45
659	45
659	45
660	45
661	46
663	46
663	46
664	46
665	47
666	48
667	48
667	48
672	50
672	50
674	52
676	52
678	53
679	53
680	53
681	53
682	53
683	54
683	54
684	54
685	56
685	57
686	58
688	59
688	60
689	61
690	62
691	63
691	64
692	65
693	66
693	67
694	68
695	69
696	70
698	71
699	71
701	72
702	73
703	74
704	75
705	76
706	76
707	77
708	78
709	79
710	80
711	81
711	81
713	82
713	83
714	84
715	84
716	85
716	87
717	88
718	89
719	90
720	91
721	92
722	93
723	95
724	96
724	97
725	98
726	99
727	100
727	100
728	101
729	102
730	103
730	104
731	104
732	105
733	106
734	107
735	108
735	108
737	109
739	111
740	111
741	112
741	112
742	113
743	114
744	115
745	116
746	117
747	118
748	118
749	119
750	120
751	121
752	121
754	122
755	123
756	123
757	124
758	126
759	127
760	128
760	128
761	128
762	128
763	129
764	130
765	131
766	132
767	132
767	133
768	134
769	134
768	135
769	136
770	137
771	138
771	139
772	140
773	141
773	143
773	144
774	145
775	146
776	147
776	147
777	148
778	149
778	150
779	151
779	152
780	153
781	154
782	155
782	156
783	157
784	158
785	159
786	160
786	161
787	162
788	163
789	164
790	165
790	165
790	166
791	167
791	168
792	168
793	169
794	170
794	171
794	172
795	173
795	174
796	175
797	176
798	177
798	178
798	178
799	179
800	180
800	182
801	183
802	184
803	185
804	186
804	187
805	188
806	189
807	189
807	189
807	190
808	191
808	192
808	193
809	193
809	194
809	194
809	195
809	196
809	197
809	198
810	199
810	200
810	201
811	202
811	203
811	204
812	205
812	205
812	206
813	207
813	208
815	211
815	212
816	213
816	215
817	216
815	215
815	216
815	218
815	219
815	220
815	221
815	223
815	224
815	225
815	225
815	227
815	228
815	229
815	229
815	230
815	231
815	232
815	233
815	233
815	235
815	236
815	237
816	238
816	240
816	241
816	242
817	243
817	245
817	245
817	246
817	247
817	249
817	250
817	251
817	251
817	253
817	254
817	255
817	256
817	258
817	258
817	259
817	260
817	261
817	262
817	263
817	264
817	266
817	267
817	268
817	268
817	270
817	271
817	272
817	272
817	274
817	275
817	276
817	276
817	277
817	277
815	279
814	280
814	280
813	281
812	282
812	282
811	283
809	283
808	283
807	283
805	285
804	285
804	285
803	285
803	284
802	284
802	284
801	284
801	283
800	283
800	282
799	282
799	281
798	280
797	279
797	278
797	278
796	277
796	276
796	276
796	275
795	275
794	274
794	273
794	273
794	272
793	271
793	269
793	268
793	268
792	267
792	265
791	264
791	264
791	263
791	261
790	260
790	259
790	259
790	258
790	258
790	257
790	256
790	255
790	254
790	253
790	252
791	252
792	251
792	250
792	249
793	248
793	246
795	243
795	242
795	242
795	241
795	239
795	238
795	237
795	236
795	234
796	233
796	232
796	232
796	230
796	229
796	228
796	227
796	226
796	225
797	224
797	223
797	222
798	220
799	219
799	217
799	216
799	215
799	215
800	213
800	212
800	211
800	211
800	209
800	208
800	208
801	206
801	206
801	205
801	204
801	204
801	202
802	201
802	200
803	198
803	198
803	197
804	196
804	195
805	193
806	191
806	189
806	188
807	187
808	186
808	185
809	184
809	183
810	182
810	180
811	179
811	179
811	178
812	177
813	176
813	174
814	173
815	173
815	172
817	170
818	169
819	167
819	166
820	165
821	163
822	162
823	160
824	160
824	158
824	158
824	156
826	154
826	153
826	152
827	151
828	149
829	148
829	148
830	146
831	145
831	144
831	144
832	143
832	142
833	141
833	140
834	139
835	138
835	137
836	135
837	134
837	133
837	133
837	132
837	131
838	130
838	129
838	128
838	127
838	126
838	123
838	122
838	121
840	119
840	118
840	117
840	117
840	115
840	115
840	114
840	113
840	112
839	111
839	111
839	110
839	108
839	107
839	106
838	105
838	103
837	102
837	102
837	101
837	100
837	99
837	98
837	97
836	96
835	95
835	94
835	94
835	93
835	93
835	92
835	91
835	91
835	90
834	88
834	87
834	86
833	85
833	84
832	83
832	83
832	82
831	81
831	80
830	79
830	79
829	77
829	76
828	76
827	75
826	74
826	73
826	72
825	71
825	70
824	69
823	68
823	67
822	67
822	66
822	66
821	65
821	65
820	64
819	63
819	62
818	61
817	60
817	60
817	59
817	58
816	58
816	58
815	57
815	58
815	58
814	57
813	56
812	55
811	54
810	54
808	53
807	53
806	53
805	52
804	51
803	50
802	49
801	49
800	48
799	48
798	47
796	45
795	45
795	45
794	45
793	44
792	44
791	44
790	43
790	43
787	42
786	41
785	40
783	40
782	39
781	39
780	38
779	38
778	38
778	37
777	37
776	36
774	36
773	35
772	35
770	34
768	34
767	34
766	33
765	32
765	32
764	32
764	32
762	32
761	32
760	31
760	31
757	30
756	30
753	30
752	30
750	28
748	28
747	27
746	27
745	27
744	26
743	26
742	26
741	26
740	25
738	25
736	23
735	23
733	23
732	22
731	22
730	22
728	21
728	21
727	21
726	21
725	20
720	19
719	19
718	19
717	19
716	18
714	18
713	18
713	18
712	17
710	17
709	17
708	16
708	16
706	16
705	16
705	16
704	16
703	16
701	14
700	14
699	14
698	14
697	14
697	14
696	14
695	14
694	14
694	14
693	13
692	13
691	13
690	13
690	13
689	13
688	12
687	12
687	12
685	12
684	12
683	12
682	11
681	11
680	11
679	11
678	11
677	11
676	10
675	9
674	8
673	8
673	8
672	7
671	7
670	6
670	6
668	8
667	8
666	8
664	7
661	7
660	7
658	5
657	5
656	5
654	5
652	5
651	5
650	5
649	4
648	4
647	4
647	4
646	4
645	4
644	4
643	3
642	3
641	3
640	3
640	3
639	3
637	3
636	2
634	2
632	2
631	2
630	2
629	1
628	1
627	1
627	1
626	1
625	1
624	1
623	1
622	0
621	0
620	0
619	0
618	0
616	-1
615	-1
614	-1
613	-1
613	-1
611	-1
610	-1
609	-1
608	-2
606	-2
605	-2
605	-2
604	-2
602	-2
601	-2
599	-3
598	-4
598	-4
597	-4
596	-4
595	-4
593	-4
592	-4
592	-4
591	-4
589	-4
587	-5
586	-5
584	-5
583	-5
582	-6
582	-6
581	-6
580	-6
579	-6
578	-6
577	-6
576	-6
575	-6
574	-6
573	-6
570	-6
569	-6
568	-6
566	-6
565	-6
564	-6
561	-6
560	-6
559	-6
558	-6
556	-6
555	-6
553	-6
551	-6
550	-6
549	-6
548	-6
546	-6
545	-6
544	-6
544	-6
542	-6
541	-6
540	-6
539	-6
538	-6
537	-6
536	-6
535	-6
533	-6
532	-6
531	-6
530	-6
528	-6
527	-6
527	-6
526	-6
524	-6
523	-6
522	-6
522	-6
520	-6
519	-6
518	-6
517	-6
515	-6
514	-6
513	-6
512	-6
510	-6
509	-6
508	-6
507	-6
506	-6
505	-6
504	-6
503	-6
501	-6
500	-6
499	-6
498	-6
496	-6
495	-6
495	-6
494	-6
492	-6
491	-6
490	-6
489	-6
488	-6
487	-6
486	-6
485	-6
484	-6
483	-6
482	-6
481	-6
480	-6
478	-6
478	-6
477	-6
476	-6
474	-6
473	-6
473	-6
472	-5
472	-5
471	-4
470	-3
469	-2
467	0
466	1
465	2
465	2
464	3
464	3
463	4
462	5
462	5
461	6
460	7
459	8
457	9
456	9
454	10
453	11
453	11
453	11
452	11
450	10
450	10
449	10
448	9
447	8
446	7
446	7
445	7
444	7
442	7
442	6
438	6
437	6
435	4
433	4
432	3
431	2
430	2
429	2
428	2
427	1
426	1
425	1
424	1
423	1
422	1
420	1
419	1
418	1
417	1
415	1
414	1
413	1
412	1
410	1
409	1
408	1
407	1
405	1
404	1
404	1
403	1
400	1
399	1
398	1
396	1
396	1
395	1
394	2
392	2
391	2
390	2
389	2
388	3
387	3
